2024_05_04_09_45_04
+---------------+-----------+----------+-------------+-----------+----------+-------------+-----------+
|    clsname    | image_auc | image_ap | image_f1max | pixel_auc | pixel_ap | pixel_f1max | pixel_pro |
+---------------+-----------+----------+-------------+-----------+----------+-------------+-----------+
| cigarette_box |   0.646   |  0.681   |    0.747    |   0.902   |  0.262   |    0.332    |   0.675   |
|  drink_bottle |   0.561   |  0.607   |    0.707    |   0.928   |  0.081   |    0.134    |   0.646   |
|  food_bottle  |   0.515   |  0.610   |    0.748    |   0.883   |  0.066   |    0.109    |   0.560   |
|    food_box   |   0.530   |  0.603   |    0.776    |   0.865   |  0.040   |    0.079    |   0.560   |
|  food_package |   0.526   |  0.508   |    0.648    |   0.883   |  0.028   |    0.054    |   0.521   |
|      mean     |   0.556   |  0.602   |    0.725    |   0.892   |  0.095   |    0.141    |   0.592   |
+---------------+-----------+----------+-------------+-----------+----------+-------------+-----------+
2024_05_04_10_46_30
+---------------+-----------+----------+-------------+-----------+----------+-------------+-----------+
|    clsname    | image_auc | image_ap | image_f1max | pixel_auc | pixel_ap | pixel_f1max | pixel_pro |
+---------------+-----------+----------+-------------+-----------+----------+-------------+-----------+
| cigarette_box |   0.557   |  0.601   |    0.745    |   0.894   |  0.227   |    0.303    |   0.653   |
|  drink_bottle |   0.549   |  0.588   |    0.705    |   0.916   |  0.058   |    0.108    |   0.655   |
|  food_bottle  |   0.591   |  0.655   |    0.752    |   0.901   |  0.083   |    0.145    |   0.627   |
|    food_box   |   0.527   |  0.659   |    0.777    |   0.858   |  0.042   |    0.078    |   0.587   |
|  food_package |   0.506   |  0.473   |    0.650    |   0.878   |  0.028   |    0.060    |   0.547   |
|      mean     |   0.546   |  0.595   |    0.726    |   0.889   |  0.087   |    0.139    |   0.614   |
+---------------+-----------+----------+-------------+-----------+----------+-------------+-----------+
2024_05_04_11_48_03
+---------------+-----------+----------+-------------+-----------+----------+-------------+-----------+
|    clsname    | image_auc | image_ap | image_f1max | pixel_auc | pixel_ap | pixel_f1max | pixel_pro |
+---------------+-----------+----------+-------------+-----------+----------+-------------+-----------+
| cigarette_box |   0.590   |  0.639   |    0.741    |   0.872   |  0.181   |    0.259    |   0.605   |
|  drink_bottle |   0.564   |  0.600   |    0.710    |   0.918   |  0.061   |    0.112    |   0.635   |
|  food_bottle  |   0.519   |  0.602   |    0.749    |   0.892   |  0.072   |    0.122    |   0.567   |
|    food_box   |   0.543   |  0.662   |    0.775    |   0.867   |  0.045   |    0.086    |   0.614   |
|  food_package |   0.505   |  0.476   |    0.646    |   0.857   |  0.020   |    0.038    |   0.471   |
|      mean     |   0.544   |  0.596   |    0.724    |   0.881   |  0.076   |    0.123    |   0.578   |
+---------------+-----------+----------+-------------+-----------+----------+-------------+-----------+
2024_05_04_12_49_23
+---------------+-----------+----------+-------------+-----------+----------+-------------+-----------+
|    clsname    | image_auc | image_ap | image_f1max | pixel_auc | pixel_ap | pixel_f1max | pixel_pro |
+---------------+-----------+----------+-------------+-----------+----------+-------------+-----------+
| cigarette_box |   0.553   |  0.593   |    0.744    |   0.880   |  0.199   |    0.282    |   0.615   |
|  drink_bottle |   0.535   |  0.579   |    0.705    |   0.925   |  0.067   |    0.129    |   0.646   |
|  food_bottle  |   0.580   |  0.651   |    0.752    |   0.899   |  0.079   |    0.137    |   0.607   |
|    food_box   |   0.539   |  0.673   |    0.777    |   0.874   |  0.046   |    0.086    |   0.582   |
|  food_package |   0.522   |  0.494   |    0.646    |   0.859   |  0.026   |    0.054    |   0.472   |
|      mean     |   0.546   |  0.598   |    0.725    |   0.888   |  0.083   |    0.138    |   0.585   |
+---------------+-----------+----------+-------------+-----------+----------+-------------+-----------+
2024_05_04_13_51_03
+---------------+-----------+----------+-------------+-----------+----------+-------------+-----------+
|    clsname    | image_auc | image_ap | image_f1max | pixel_auc | pixel_ap | pixel_f1max | pixel_pro |
+---------------+-----------+----------+-------------+-----------+----------+-------------+-----------+
| cigarette_box |   0.601   |  0.644   |    0.734    |   0.872   |  0.187   |    0.267    |   0.599   |
|  drink_bottle |   0.545   |  0.590   |    0.705    |   0.932   |  0.096   |    0.159    |   0.650   |
|  food_bottle  |   0.535   |  0.618   |    0.749    |   0.908   |  0.093   |    0.157    |   0.623   |
|    food_box   |   0.537   |  0.648   |    0.776    |   0.859   |  0.040   |    0.075    |   0.558   |
|  food_package |   0.526   |  0.490   |    0.647    |   0.884   |  0.027   |    0.056    |   0.544   |
|      mean     |   0.549   |  0.598   |    0.722    |   0.891   |  0.089   |    0.143    |   0.595   |
+---------------+-----------+----------+-------------+-----------+----------+-------------+-----------+
