2024_08_16_05_07_53
+---------------+-----------+----------+-------------+-----------+----------+-------------+-----------+
|    clsname    | image_auc | image_ap | image_f1max | pixel_auc | pixel_ap | pixel_f1max | pixel_pro |
+---------------+-----------+----------+-------------+-----------+----------+-------------+-----------+
| cigarette_box |   0.975   |  0.963   |    0.964    |   0.986   |  0.749   |    0.740    |   0.953   |
|  drink_bottle |   0.854   |  0.868   |    0.813    |   0.988   |  0.587   |    0.614    |   0.876   |
|   drink_can   |   0.972   |  0.975   |    0.918    |   0.967   |  0.428   |    0.549    |   0.865   |
|  food_bottle  |   0.904   |  0.929   |    0.867    |   0.975   |  0.441   |    0.522    |   0.886   |
|    food_box   |   0.852   |  0.874   |    0.841    |   0.978   |  0.465   |    0.546    |   0.855   |
|  food_package |   0.836   |  0.781   |    0.769    |   0.979   |  0.270   |    0.374    |   0.844   |
|      mean     |   0.899   |  0.899   |    0.862    |   0.979   |  0.490   |    0.558    |   0.880   |
+---------------+-----------+----------+-------------+-----------+----------+-------------+-----------+
