2024_08_15_22_10_33
+---------------+-----------+----------+-------------+-----------+----------+-------------+-----------+
|    clsname    | image_auc | image_ap | image_f1max | pixel_auc | pixel_ap | pixel_f1max | pixel_pro |
+---------------+-----------+----------+-------------+-----------+----------+-------------+-----------+
| cigarette_box |   0.989   |  0.992   |    0.960    |   0.987   |  0.780   |    0.738    |   0.880   |
|  drink_bottle |   0.852   |  0.867   |    0.809    |   0.989   |  0.622   |    0.613    |   0.681   |
|   drink_can   |   0.967   |  0.971   |    0.915    |   0.938   |  0.449   |    0.537    |   0.579   |
|  food_bottle  |   0.901   |  0.931   |    0.862    |   0.971   |  0.505   |    0.521    |   0.701   |
|    food_box   |   0.869   |  0.924   |    0.845    |   0.983   |  0.546   |    0.548    |   0.675   |
|  food_package |   0.827   |  0.818   |    0.748    |   0.975   |  0.321   |    0.370    |   0.736   |
|      mean     |   0.901   |  0.917   |    0.857    |   0.974   |  0.537   |    0.555    |   0.708   |
+---------------+-----------+----------+-------------+-----------+----------+-------------+-----------+

