2024_05_15_10_02_01
+------------+-----------+----------+-------------+-----------+----------+-------------+-----------+
|  clsname   | image_auc | image_ap | image_f1max | pixel_auc | pixel_ap | pixel_f1max | pixel_pro |
+------------+-----------+----------+-------------+-----------+----------+-------------+-----------+
|   bottle   |   0.996   |  0.999   |    0.984    |   0.988   |  0.875   |    0.781    |   0.968   |
|   cable    |   0.955   |  0.977   |    0.919    |   0.971   |  0.674   |    0.664    |   0.916   |
|  capsule   |   0.834   |  0.957   |    0.927    |   0.978   |  0.433   |    0.494    |   0.900   |
|   carpet   |   0.998   |  1.000   |    0.989    |   0.995   |  0.806   |    0.710    |   0.980   |
|    grid    |   0.996   |  0.999   |    0.982    |   0.982   |  0.365   |    0.394    |   0.947   |
|  hazelnut  |   1.000   |  1.000   |    1.000    |   0.991   |  0.791   |    0.741    |   0.927   |
|  leather   |   1.000   |  1.000   |    1.000    |   0.997   |  0.716   |    0.655    |   0.989   |
| metal_nut  |   0.978   |  0.995   |    0.963    |   0.965   |  0.821   |    0.737    |   0.921   |
|    pill    |   0.958   |  0.993   |    0.950    |   0.968   |  0.685   |    0.609    |   0.941   |
|   screw    |   0.882   |  0.956   |    0.913    |   0.984   |  0.344   |    0.339    |   0.905   |
|    tile    |   0.961   |  0.986   |    0.940    |   0.981   |  0.884   |    0.793    |   0.954   |
| toothbrush |   0.944   |  0.979   |    0.923    |   0.994   |  0.726   |    0.709    |   0.917   |
| transistor |   0.911   |  0.885   |    0.805    |   0.916   |  0.510   |    0.506    |   0.786   |
|    wood    |   0.990   |  0.997   |    0.968    |   0.967   |  0.774   |    0.699    |   0.950   |
|   zipper   |   0.894   |  0.964   |    0.934    |   0.960   |  0.647   |    0.610    |   0.879   |
|    mean    |   0.953   |  0.979   |    0.946    |   0.976   |  0.670   |    0.629    |   0.925   |
+------------+-----------+----------+-------------+-----------+----------+-------------+-----------+
