2024_05_07_00_46_43
+------------+-----------+----------+-------------+-----------+----------+-------------+-----------+
|  clsname   | image_auc | image_ap | image_f1max | pixel_auc | pixel_ap | pixel_f1max | pixel_pro |
+------------+-----------+----------+-------------+-----------+----------+-------------+-----------+
|   candle   |   0.858   |  0.863   |    0.798    |   0.983   |  0.585   |    0.575    |   0.929   |
|  capsules  |   0.845   |  0.910   |    0.823    |   0.983   |  0.515   |    0.518    |   0.804   |
|   cashew   |   0.877   |  0.935   |    0.889    |   0.985   |  0.559   |    0.506    |   0.881   |
| chewinggum |   0.958   |  0.983   |    0.933    |   0.995   |  0.860   |    0.802    |   0.851   |
|   fryum    |   0.896   |  0.949   |    0.882    |   0.966   |  0.386   |    0.445    |   0.819   |
| macaroni1  |   0.731   |  0.763   |    0.708    |   0.969   |  0.078   |    0.125    |   0.811   |
| macaroni2  |   0.626   |  0.644   |    0.676    |   0.977   |  0.046   |    0.105    |   0.896   |
|    pcb1    |   0.879   |  0.860   |    0.817    |   0.993   |  0.818   |    0.757    |   0.824   |
|    pcb2    |   0.804   |  0.791   |    0.754    |   0.974   |  0.351   |    0.418    |   0.774   |
|    pcb3    |   0.807   |  0.823   |    0.751    |   0.968   |  0.467   |    0.472    |   0.857   |
|    pcb4    |   0.966   |  0.958   |    0.916    |   0.972   |  0.436   |    0.471    |   0.843   |
| pipe_fryum |   0.965   |  0.983   |    0.930    |   0.990   |  0.669   |    0.635    |   0.966   |
|    mean    |   0.851   |  0.872   |    0.823    |   0.980   |  0.481   |    0.486    |   0.855   |
+------------+-----------+----------+-------------+-----------+----------+-------------+-----------+