+------------+-----------+----------+-------------+-----------+----------+-------------+-----------+
|  clsname   | image_auc | image_ap | image_f1max | pixel_auc | pixel_ap | pixel_f1max | pixel_pro |
+------------+-----------+----------+-------------+-----------+----------+-------------+-----------+
|   candle   |   0.844   |  0.854   |    0.788    |   0.989   |  0.598   |    0.575    |   0.559   |
|  capsules  |   0.834   |  0.900   |    0.823    |   0.971   |  0.483   |    0.506    |   0.747   |
|   cashew   |   0.843   |  0.921   |    0.856    |   0.888   |  0.435   |    0.456    |   0.488   |
| chewinggum |   0.950   |  0.980   |    0.933    |   0.986   |  0.859   |    0.801    |   0.704   |
|   fryum    |   0.841   |  0.928   |    0.834    |   0.671   |  0.137   |    0.206    |   0.224   |
| macaroni1  |   0.716   |  0.743   |    0.711    |   0.810   |  0.047   |    0.104    |   0.246   |
| macaroni2  |   0.603   |  0.579   |    0.676    |   0.910   |  0.028   |    0.096    |   0.651   |
|    pcb1    |   0.869   |  0.848   |    0.808    |   0.986   |  0.788   |    0.745    |   0.638   |
|    pcb2    |   0.799   |  0.787   |    0.750    |   0.959   |  0.349   |    0.410    |   0.645   |
|    pcb3    |   0.797   |  0.816   |    0.739    |   0.964   |  0.464   |    0.464    |   0.525   |
|    pcb4    |   0.961   |  0.953   |    0.911    |   0.954   |  0.437   |    0.469    |   0.628   |
| pipe_fryum |   0.956   |  0.978   |    0.925    |   0.951   |  0.648   |    0.635    |   0.826   |
|    mean    |   0.834   |  0.857   |    0.813    |   0.920   |  0.439   |    0.456    |   0.573   |
+------------+-----------+----------+-------------+-----------+----------+-------------+-----------+
