2024_05_03_19_14_24
+------------+-----------+----------+-------------+-----------+----------+-------------+-----------+
|  clsname   | image_auc | image_ap | image_f1max | pixel_auc | pixel_ap | pixel_f1max | pixel_pro |
+------------+-----------+----------+-------------+-----------+----------+-------------+-----------+
|   candle   |   0.852   |  0.850   |    0.804    |   0.993   |  0.595   |    0.569    |   0.634   |
|  capsules  |   0.792   |  0.877   |    0.795    |   0.960   |  0.398   |    0.440    |   0.769   |
|   cashew   |   0.713   |  0.866   |    0.800    |   0.944   |  0.535   |    0.523    |   0.464   |
| chewinggum |   0.957   |  0.983   |    0.949    |   0.988   |  0.837   |    0.783    |   0.696   |
|   fryum    |   0.824   |  0.906   |    0.843    |   0.635   |  0.146   |    0.234    |   0.263   |
| macaroni1  |   0.769   |  0.803   |    0.727    |   0.812   |  0.177   |    0.270    |   0.344   |
| macaroni2  |   0.538   |  0.552   |    0.673    |   0.800   |  0.008   |    0.039    |   0.347   |
|    pcb1    |   0.677   |  0.706   |    0.693    |   0.978   |  0.606   |    0.591    |   0.699   |
|    pcb2    |   0.782   |  0.791   |    0.762    |   0.943   |  0.321   |    0.403    |   0.631   |
|    pcb3    |   0.764   |  0.792   |    0.717    |   0.964   |  0.386   |    0.404    |   0.579   |
|    pcb4    |   0.973   |  0.970   |    0.938    |   0.982   |  0.448   |    0.483    |   0.726   |
| pipe_fryum |   0.937   |  0.956   |    0.940    |   0.967   |  0.700   |    0.655    |   0.916   |
|    mean    |   0.798   |  0.838   |    0.803    |   0.914   |  0.430   |    0.449    |   0.589   |
+------------+-----------+----------+-------------+-----------+----------+-------------+-----------+
2024_05_03_20_01_28
+------------+-----------+----------+-------------+-----------+----------+-------------+-----------+
|  clsname   | image_auc | image_ap | image_f1max | pixel_auc | pixel_ap | pixel_f1max | pixel_pro |
+------------+-----------+----------+-------------+-----------+----------+-------------+-----------+
|   candle   |   0.852   |  0.870   |    0.782    |   0.994   |  0.627   |    0.594    |   0.676   |
|  capsules  |   0.792   |  0.877   |    0.795    |   0.960   |  0.398   |    0.440    |   0.769   |
|   cashew   |   0.780   |  0.897   |    0.815    |   0.904   |  0.507   |    0.512    |   0.510   |
| chewinggum |   0.959   |  0.983   |    0.934    |   0.986   |  0.873   |    0.813    |   0.682   |
|   fryum    |   0.806   |  0.904   |    0.817    |   0.604   |  0.096   |    0.167    |   0.231   |
| macaroni1  |   0.769   |  0.803   |    0.727    |   0.812   |  0.177   |    0.270    |   0.344   |
| macaroni2  |   0.619   |  0.630   |    0.676    |   0.944   |  0.019   |    0.052    |   0.707   |
|    pcb1    |   0.890   |  0.856   |    0.847    |   0.990   |  0.725   |    0.666    |   0.782   |
|    pcb2    |   0.735   |  0.735   |    0.704    |   0.946   |  0.280   |    0.363    |   0.686   |
|    pcb3    |   0.805   |  0.821   |    0.772    |   0.966   |  0.422   |    0.431    |   0.609   |
|    pcb4    |   0.967   |  0.964   |    0.906    |   0.966   |  0.405   |    0.448    |   0.657   |
| pipe_fryum |   0.969   |  0.985   |    0.933    |   0.977   |  0.691   |    0.656    |   0.810   |
|    mean    |   0.829   |  0.861   |    0.809    |   0.921   |  0.435   |    0.451    |   0.622   |
+------------+-----------+----------+-------------+-----------+----------+-------------+-----------+
2024_05_03_20_48_08
+------------+-----------+----------+-------------+-----------+----------+-------------+-----------+
|  clsname   | image_auc | image_ap | image_f1max | pixel_auc | pixel_ap | pixel_f1max | pixel_pro |
+------------+-----------+----------+-------------+-----------+----------+-------------+-----------+
|   candle   |   0.859   |  0.858   |    0.811    |   0.994   |  0.619   |    0.587    |   0.640   |
|  capsules  |   0.800   |  0.866   |    0.824    |   0.974   |  0.359   |    0.414    |   0.805   |
|   cashew   |   0.780   |  0.897   |    0.815    |   0.904   |  0.507   |    0.512    |   0.510   |
| chewinggum |   0.956   |  0.981   |    0.918    |   0.981   |  0.852   |    0.798    |   0.700   |
|   fryum    |   0.828   |  0.916   |    0.837    |   0.685   |  0.148   |    0.242    |   0.199   |
| macaroni1  |   0.711   |  0.760   |    0.694    |   0.860   |  0.062   |    0.122    |   0.280   |
| macaroni2  |   0.623   |  0.591   |    0.676    |   0.923   |  0.034   |    0.111    |   0.630   |
|    pcb1    |   0.636   |  0.675   |    0.676    |   0.977   |  0.621   |    0.597    |   0.661   |
|    pcb2    |   0.798   |  0.798   |    0.772    |   0.942   |  0.340   |    0.425    |   0.612   |
|    pcb3    |   0.715   |  0.755   |    0.698    |   0.972   |  0.405   |    0.417    |   0.591   |
|    pcb4    |   0.950   |  0.944   |    0.892    |   0.975   |  0.419   |    0.456    |   0.659   |
| pipe_fryum |   0.954   |  0.974   |    0.933    |   0.970   |  0.647   |    0.614    |   0.830   |
|    mean    |   0.801   |  0.835   |    0.796    |   0.930   |  0.418   |    0.441    |   0.593   |
+------------+-----------+----------+-------------+-----------+----------+-------------+-----------+
2024_05_03_21_35_07
+------------+-----------+----------+-------------+-----------+----------+-------------+-----------+
|  clsname   | image_auc | image_ap | image_f1max | pixel_auc | pixel_ap | pixel_f1max | pixel_pro |
+------------+-----------+----------+-------------+-----------+----------+-------------+-----------+
|   candle   |   0.838   |  0.831   |    0.797    |   0.992   |  0.571   |    0.559    |   0.610   |
|  capsules  |   0.707   |  0.824   |    0.775    |   0.970   |  0.473   |    0.506    |   0.735   |
|   cashew   |   0.840   |  0.928   |    0.843    |   0.897   |  0.485   |    0.510    |   0.524   |
| chewinggum |   0.961   |  0.983   |    0.933    |   0.989   |  0.858   |    0.797    |   0.697   |
|   fryum    |   0.868   |  0.934   |    0.848    |   0.608   |  0.117   |    0.175    |   0.254   |
| macaroni1  |   0.769   |  0.803   |    0.727    |   0.812   |  0.177   |    0.270    |   0.344   |
| macaroni2  |   0.651   |  0.637   |    0.690    |   0.924   |  0.034   |    0.091    |   0.606   |
|    pcb1    |   0.915   |  0.877   |    0.864    |   0.987   |  0.722   |    0.680    |   0.778   |
|    pcb2    |   0.749   |  0.769   |    0.704    |   0.948   |  0.319   |    0.396    |   0.706   |
|    pcb3    |   0.785   |  0.810   |    0.727    |   0.973   |  0.462   |    0.447    |   0.574   |
|    pcb4    |   0.911   |  0.917   |    0.826    |   0.961   |  0.363   |    0.421    |   0.699   |
| pipe_fryum |   0.973   |  0.983   |    0.960    |   0.954   |  0.623   |    0.606    |   0.891   |
|    mean    |   0.831   |  0.858   |    0.808    |   0.918   |  0.434   |    0.455    |   0.618   |
+------------+-----------+----------+-------------+-----------+----------+-------------+-----------+
2024_05_03_22_22_05
+------------+-----------+----------+-------------+-----------+----------+-------------+-----------+
|  clsname   | image_auc | image_ap | image_f1max | pixel_auc | pixel_ap | pixel_f1max | pixel_pro |
+------------+-----------+----------+-------------+-----------+----------+-------------+-----------+
|   candle   |   0.833   |  0.849   |    0.793    |   0.992   |  0.589   |    0.555    |   0.591   |
|  capsules  |   0.792   |  0.877   |    0.795    |   0.960   |  0.398   |    0.440    |   0.769   |
|   cashew   |   0.831   |  0.919   |    0.836    |   0.908   |  0.437   |    0.462    |   0.581   |
| chewinggum |   0.955   |  0.982   |    0.939    |   0.982   |  0.840   |    0.788    |   0.707   |
|   fryum    |   0.851   |  0.933   |    0.854    |   0.729   |  0.240   |    0.331    |   0.247   |
| macaroni1  |   0.632   |  0.680   |    0.686    |   0.824   |  0.062   |    0.127    |   0.263   |
| macaroni2  |   0.610   |  0.582   |    0.683    |   0.884   |  0.022   |    0.083    |   0.532   |
|    pcb1    |   0.654   |  0.686   |    0.676    |   0.979   |  0.632   |    0.609    |   0.648   |
|    pcb2    |   0.735   |  0.735   |    0.704    |   0.946   |  0.280   |    0.363    |   0.686   |
|    pcb3    |   0.785   |  0.810   |    0.727    |   0.973   |  0.462   |    0.447    |   0.574   |
|    pcb4    |   0.957   |  0.954   |    0.901    |   0.971   |  0.432   |    0.471    |   0.726   |
| pipe_fryum |   0.956   |  0.978   |    0.927    |   0.979   |  0.637   |    0.603    |   0.862   |
|    mean    |   0.799   |  0.832   |    0.793    |   0.927   |  0.419   |    0.440    |   0.599   |
+------------+-----------+----------+-------------+-----------+----------+-------------+-----------+

